MZ	MezzCh	locY	locZ	Layer	Tube_y	ML
0	105	45.7675	30.0175	1	1	1
0	103	45.7675	60.0525	1	2	1
0	104	45.7675	90.0875	1	3	1
0	102	45.7675	120.122	1	4	1
0	100	45.7675	150.157	1	5	1
0	101	45.7675	180.192	1	6	1
2	305	45.7675	210.227	1	7	1
2	303	45.7675	240.262	1	8	1
2	304	45.7675	270.297	1	9	1
2	302	45.7675	300.332	1	10	1
2	300	45.7675	330.367	1	11	1
2	301	45.7675	360.402	1	12	1
4	505	45.7675	390.437	1	13	1
4	503	45.7675	420.472	1	14	1
4	504	45.7675	450.507	1	15	1
4	502	45.7675	480.542	1	16	1
4	500	45.7675	510.577	1	17	1
4	501	45.7675	540.612	1	18	1
6	705	45.7675	570.647	1	19	1
6	703	45.7675	600.682	1	20	1
6	704	45.7675	630.717	1	21	1
6	702	45.7675	660.752	1	22	1
6	700	45.7675	690.787	1	23	1
6	701	45.7675	720.822	1	24	1
8	905	45.7675	750.857	1	25	1
8	903	45.7675	780.892	1	26	1
8	904	45.7675	810.927	1	27	1
8	902	45.7675	840.962	1	28	1
8	900	45.7675	870.997	1	29	1
8	901	45.7675	901.032	1	30	1
0	111	71.7786	15.0	2	1	1
0	109	71.7786	45.035	2	2	1
0	110	71.7786	75.07	2	3	1
0	108	71.7786	105.105	2	4	1
0	106	71.7786	135.14	2	5	1
0	107	71.7786	165.175	2	6	1
2	311	71.7786	195.21	2	7	1
2	309	71.7786	225.245	2	8	1
2	310	71.7786	255.28	2	9	1
2	308	71.7786	285.315	2	10	1
2	306	71.7786	315.35	2	11	1
2	307	71.7786	345.385	2	12	1
4	511	71.7786	375.42	2	13	1
4	509	71.7786	405.455	2	14	1
4	510	71.7786	435.49	2	15	1
4	508	71.7786	465.525	2	16	1
4	506	71.7786	495.56	2	17	1
4	507	71.7786	525.595	2	18	1
6	711	71.7786	555.63	2	19	1
6	709	71.7786	585.665	2	20	1
6	710	71.7786	615.7	2	21	1
6	708	71.7786	645.735	2	22	1
6	706	71.7786	675.77	2	23	1
6	707	71.7786	705.805	2	24	1
8	911	71.7786	735.84	2	25	1
8	909	71.7786	765.875	2	26	1
8	910	71.7786	795.91	2	27	1
8	908	71.7786	825.945	2	28	1
8	906	71.7786	855.98	2	29	1
8	907	71.7786	886.015	2	30	1
0	117	97.7896	30.0175	3	1	1
0	115	97.7896	60.0525	3	2	1
0	116	97.7896	90.0875	3	3	1
0	114	97.7896	120.122	3	4	1
0	112	97.7896	150.157	3	5	1
0	113	97.7896	180.192	3	6	1
2	317	97.7896	210.227	3	7	1
2	315	97.7896	240.262	3	8	1
2	316	97.7896	270.297	3	9	1
2	314	97.7896	300.332	3	10	1
2	312	97.7896	330.367	3	11	1
2	313	97.7896	360.402	3	12	1
4	517	97.7896	390.437	3	13	1
4	515	97.7896	420.472	3	14	1
4	516	97.7896	450.507	3	15	1
4	514	97.7896	480.542	3	16	1
4	512	97.7896	510.577	3	17	1
4	513	97.7896	540.612	3	18	1
6	717	97.7896	570.647	3	19	1
6	715	97.7896	600.682	3	20	1
6	716	97.7896	630.717	3	21	1
6	714	97.7896	660.752	3	22	1
6	712	97.7896	690.787	3	23	1
6	713	97.7896	720.822	3	24	1
8	917	97.7896	750.857	3	25	1
8	915	97.7896	780.892	3	26	1
8	916	97.7896	810.927	3	27	1
8	914	97.7896	840.962	3	28	1
8	912	97.7896	870.997	3	29	1
8	913	97.7896	901.032	3	30	1
0	123	123.801	15.0	4	1	1
0	121	123.801	45.035	4	2	1
0	122	123.801	75.07	4	3	1
0	120	123.801	105.105	4	4	1
0	118	123.801	135.14	4	5	1
0	119	123.801	165.175	4	6	1
2	323	123.801	195.21	4	7	1
2	321	123.801	225.245	4	8	1
2	322	123.801	255.28	4	9	1
2	320	123.801	285.315	4	10	1
2	318	123.801	315.35	4	11	1
2	319	123.801	345.385	4	12	1
4	523	123.801	375.42	4	13	1
4	521	123.801	405.455	4	14	1
4	522	123.801	435.49	4	15	1
4	520	123.801	465.525	4	16	1
4	518	123.801	495.56	4	17	1
4	519	123.801	525.595	4	18	1
6	723	123.801	555.63	4	19	1
6	721	123.801	585.665	4	20	1
6	722	123.801	615.7	4	21	1
6	720	123.801	645.735	4	22	1
6	718	123.801	675.77	4	23	1
6	719	123.801	705.805	4	24	1
8	923	123.801	735.84	4	25	1
8	921	123.801	765.875	4	26	1
8	922	123.801	795.91	4	27	1
8	920	123.801	825.945	4	28	1
8	918	123.801	855.98	4	29	1
8	919	123.801	886.015	4	30	1
1	3	160.337	15.0	1	1	2
1	1	160.337	45.035	1	2	2
1	5	160.337	75.07	1	3	2
1	0	160.337	105.105	1	4	2
1	2	160.337	135.14	1	5	2
1	4	160.337	165.175	1	6	2
3	203	160.337	195.21	1	7	2
3	201	160.337	225.245	1	8	2
3	205	160.337	255.28	1	9	2
3	200	160.337	285.315	1	10	2
3	202	160.337	315.35	1	11	2
3	204	160.337	345.385	1	12	2
5	403	160.337	375.42	1	13	2
5	401	160.337	405.455	1	14	2
5	405	160.337	435.49	1	15	2
5	400	160.337	465.525	1	16	2
5	402	160.337	495.56	1	17	2
5	404	160.337	525.595	1	18	2
7	603	160.337	555.63	1	19	2
7	601	160.337	585.665	1	20	2
7	605	160.337	615.7	1	21	2
7	600	160.337	645.735	1	22	2
7	602	160.337	675.77	1	23	2
7	604	160.337	705.805	1	24	2
9	803	160.337	735.84	1	25	2
9	801	160.337	765.875	1	26	2
9	805	160.337	795.91	1	27	2
9	800	160.337	825.945	1	28	2
9	802	160.337	855.98	1	29	2
9	804	160.337	886.015	1	30	2
1	9	186.349	30.0175	2	1	2
1	7	186.349	60.0525	2	2	2
1	11	186.349	90.0875	2	3	2
1	6	186.349	120.122	2	4	2
1	8	186.349	150.157	2	5	2
1	10	186.349	180.192	2	6	2
3	209	186.349	210.227	2	7	2
3	207	186.349	240.262	2	8	2
3	211	186.349	270.297	2	9	2
3	206	186.349	300.332	2	10	2
3	208	186.349	330.367	2	11	2
3	210	186.349	360.402	2	12	2
5	409	186.349	390.437	2	13	2
5	407	186.349	420.472	2	14	2
5	411	186.349	450.507	2	15	2
5	406	186.349	480.542	2	16	2
5	408	186.349	510.577	2	17	2
5	410	186.349	540.612	2	18	2
7	609	186.349	570.647	2	19	2
7	607	186.349	600.682	2	20	2
7	611	186.349	630.717	2	21	2
7	606	186.349	660.752	2	22	2
7	608	186.349	690.787	2	23	2
7	610	186.349	720.822	2	24	2
9	809	186.349	750.857	2	25	2
9	807	186.349	780.892	2	26	2
9	811	186.349	810.927	2	27	2
9	806	186.349	840.962	2	28	2
9	808	186.349	870.997	2	29	2
9	810	186.349	901.032	2	30	2
1	15	212.36	15.0	3	1	2
1	13	212.36	45.035	3	2	2
1	17	212.36	75.07	3	3	2
1	12	212.36	105.105	3	4	2
1	14	212.36	135.14	3	5	2
1	16	212.36	165.175	3	6	2
3	215	212.36	195.21	3	7	2
3	213	212.36	225.245	3	8	2
3	217	212.36	255.28	3	9	2
3	212	212.36	285.315	3	10	2
3	214	212.36	315.35	3	11	2
3	216	212.36	345.385	3	12	2
5	415	212.36	375.42	3	13	2
5	413	212.36	405.455	3	14	2
5	417	212.36	435.49	3	15	2
5	412	212.36	465.525	3	16	2
5	414	212.36	495.56	3	17	2
5	416	212.36	525.595	3	18	2
7	615	212.36	555.63	3	19	2
7	613	212.36	585.665	3	20	2
7	617	212.36	615.7	3	21	2
7	612	212.36	645.735	3	22	2
7	614	212.36	675.77	3	23	2
7	616	212.36	705.805	3	24	2
9	815	212.36	735.84	3	25	2
9	813	212.36	765.875	3	26	2
9	817	212.36	795.91	3	27	2
9	812	212.36	825.945	3	28	2
9	814	212.36	855.98	3	29	2
9	816	212.36	886.015	3	30	2
1	19	238.371	30.0175	4	1	2
1	21	238.371	60.0525	4	2	2
1	23	238.371	90.0875	4	3	2
1	18	238.371	120.122	4	4	2
1	20	238.371	150.157	4	5	2
1	22	238.371	180.192	4	6	2
3	219	238.371	210.227	4	7	2
3	221	238.371	240.262	4	8	2
3	223	238.371	270.297	4	9	2
3	218	238.371	300.332	4	10	2
3	220	238.371	330.367	4	11	2
3	222	238.371	360.402	4	12	2
5	419	238.371	390.437	4	13	2
5	421	238.371	420.472	4	14	2
5	423	238.371	450.507	4	15	2
5	418	238.371	480.542	4	16	2
5	420	238.371	510.577	4	17	2
5	422	238.371	540.612	4	18	2
7	619	238.371	570.647	4	19	2
7	621	238.371	600.682	4	20	2
7	623	238.371	630.717	4	21	2
7	618	238.371	660.752	4	22	2
7	620	238.371	690.787	4	23	2
7	622	238.371	720.822	4	24	2
9	819	238.371	750.857	4	25	2
9	821	238.371	780.892	4	26	2
9	823	238.371	810.927	4	27	2
9	818	238.371	840.962	4	28	2
9	820	238.371	870.997	4	29	2
9	822	238.371	901.032	4	30	2